

***Running kinematics tests***

______________________________________
b(0)[  0.0000  -1.0000   0.0000   0.0000 ]
[  1.0000   0.0000  -0.0000   6.0000 ]
[ -0.0000   0.0000   0.0000   0.0000 ]
[  0.0000   0.0000   0.0000   0.0000 ]

b(1)[  0.0000  -1.0000   0.0000   0.0000 ]
[  1.0000   0.0000  -0.0000   4.0000 ]
[ -0.0000   0.0000   0.0000   0.0000 ]
[  0.0000   0.0000   0.0000   0.0000 ]

b(2)[  0.0000  -1.0000   0.0000   0.0000 ]
[  1.0000   0.0000  -0.0000   2.0000 ]
[ -0.0000   0.0000   0.0000   0.0000 ]
[  0.0000   0.0000   0.0000   0.0000 ]

before ik body
[  0.0000  -1.0000   0.0000   4.0000 ]
[  1.0000   0.0000   0.0000   2.0000 ]
[  0.0000   0.0000   1.0000   0.0000 ]
[  0.0000   0.0000   0.0000   1.0000 ]

==entering IKbody==
______________________________________
iteration((0))
______________________________________
{{entering jacobian body}}
entering MatrixExp6
______________________________________
input matrix=
[ -0.0000   0.1000  -0.0000  -0.0000 ]
[ -0.1000  -0.0000   0.0000  -0.2000 ]
[  0.0000  -0.0000  -0.0000  -0.0000 ]
[ -0.0000  -0.0000  -0.0000  -0.0000 ]
theta=0.1
omeg size=3x1
omg.norm=1.0--- vel.norm=2.0
se3g_with_normOfOmega_1=
3x1
se3g_with_normOfOmega_1=
[  0.9950   0.0998   0.0000  -0.0100 ]
[ -0.0998   0.9950   0.0000  -0.1997 ]
[  0.0000   0.0000   1.0000   0.0000 ]
[  0.0000   0.0000   0.0000   1.0000 ]
entering MatrixExp6
______________________________________
input matrix=
[ -0.0000   0.1000  -0.0000  -0.0000 ]
[ -0.1000  -0.0000   0.0000  -0.4000 ]
[  0.0000  -0.0000  -0.0000  -0.0000 ]
[ -0.0000  -0.0000  -0.0000  -0.0000 ]
theta=0.1
omeg size=3x1
omg.norm=1.0--- vel.norm=4.0
se3g_with_normOfOmega_1=
3x1
se3g_with_normOfOmega_1=
[  0.9950   0.0998   0.0000  -0.0200 ]
[ -0.0998   0.9950   0.0000  -0.3993 ]
[  0.0000   0.0000   1.0000   0.0000 ]
[  0.0000   0.0000   0.0000   1.0000 ]
entering MatrixExp6
______________________________________
input matrix=
[ -0.0000   0.1000  -0.0000  -0.0000 ]
[ -0.1000  -0.0000   0.0000  -0.6000 ]
[  0.0000  -0.0000  -0.0000  -0.0000 ]
[ -0.0000  -0.0000  -0.0000  -0.0000 ]
theta=0.1
omeg size=3x1
omg.norm=1.0--- vel.norm=6.000000000000001
se3g_with_normOfOmega_1=
3x1
se3g_with_normOfOmega_1=
[  0.9950   0.0998   0.0000  -0.0300 ]
[ -0.0998   0.9950   0.0000  -0.5990 ]
[  0.0000   0.0000   1.0000   0.0000 ]
[  0.0000   0.0000   0.0000   1.0000 ]
{{exiting jacobian body}}
{{entering Fk-body}}
entering MatrixExp6
______________________________________
input matrix=
[  0.0000  -0.1000   0.0000   0.0000 ]
[  0.1000   0.0000  -0.0000   0.6000 ]
[ -0.0000   0.0000   0.0000   0.0000 ]
[  0.0000   0.0000   0.0000   0.0000 ]
theta=0.1
omeg size=3x1
omg.norm=1.0--- vel.norm=6.000000000000001
se3g_with_normOfOmega_1=
3x1
se3g_with_normOfOmega_1=
[  0.9950  -0.0998   0.0000  -0.0300 ]
[  0.0998   0.9950   0.0000   0.5990 ]
[  0.0000   0.0000   1.0000   0.0000 ]
[  0.0000   0.0000   0.0000   1.0000 ]
entering MatrixExp6
______________________________________
input matrix=
[  0.0000  -0.1000   0.0000   0.0000 ]
[  0.1000   0.0000  -0.0000   0.4000 ]
[ -0.0000   0.0000   0.0000   0.0000 ]
[  0.0000   0.0000   0.0000   0.0000 ]
theta=0.1
omeg size=3x1
omg.norm=1.0--- vel.norm=4.0
se3g_with_normOfOmega_1=
3x1
se3g_with_normOfOmega_1=
[  0.9950  -0.0998   0.0000  -0.0200 ]
[  0.0998   0.9950   0.0000   0.3993 ]
[  0.0000   0.0000   1.0000   0.0000 ]
[  0.0000   0.0000   0.0000   1.0000 ]
entering MatrixExp6
______________________________________
input matrix=
[  0.0000  -0.1000   0.0000   0.0000 ]
[  0.1000   0.0000  -0.0000   0.2000 ]
[ -0.0000   0.0000   0.0000   0.0000 ]
[  0.0000   0.0000   0.0000   0.0000 ]
theta=0.1
omeg size=3x1
omg.norm=1.0--- vel.norm=2.0
se3g_with_normOfOmega_1=
3x1
se3g_with_normOfOmega_1=
[  0.9950  -0.0998   0.0000  -0.0100 ]
[  0.0998   0.9950   0.0000   0.1997 ]
[  0.0000   0.0000   1.0000   0.0000 ]
[  0.0000   0.0000   0.0000   1.0000 ]
{{exiting Fk-body}}
Tsb=
[  0.9553  -0.2955   0.0000   5.8608 ]
[  0.2955   0.9553   0.0000   1.1880 ]
[  0.0000   0.0000   1.0000   0.0000 ]
[  0.0000   0.0000   0.0000   1.0000 ]

______________________________________
Tsb-1*Tdes=
[  0.2955  -0.9553   0.0000  -1.5378 ]
[  0.9553   0.2955   0.0000   1.3256 ]
[  0.0000   0.0000   1.0000   0.0000 ]
[  0.0000   0.0000   0.0000   1.0000 ]

______________________________________
entering MatrixLog6
______________________________________
vel=
[ -1.5378 ]
[  1.3256 ]
[  0.0000 ]
we have a rotation in ML6
theta1.270796326794896
matrixlog6_res=
[  0.0000  -1.2708   0.0000  -0.4827 ]
[  1.2708   0.0000  -0.0000   2.1193 ]
[ -0.0000   0.0000   0.0000   0.0000 ]
[  0.0000   0.0000   0.0000   0.0000 ]

bodyse3alg=
[  0.0000  -1.2708   0.0000  -0.4827 ]
[  1.2708   0.0000  -0.0000   2.1193 ]
[ -0.0000   0.0000   0.0000   0.0000 ]
[  0.0000   0.0000   0.0000   0.0000 ]

______________________________________
iteration((1))
______________________________________
{{entering jacobian body}}
entering MatrixExp6
______________________________________
input matrix=
[ -0.0000   0.6785  -0.0000  -0.0000 ]
[ -0.6785  -0.0000   0.0000  -1.3570 ]
[  0.0000  -0.0000  -0.0000  -0.0000 ]
[ -0.0000  -0.0000  -0.0000  -0.0000 ]
theta=0.6785168881594728
omeg size=3x1
omg.norm=1.0--- vel.norm=2.0
se3g_with_normOfOmega_1=
3x1
se3g_with_normOfOmega_1=
[  0.7785   0.6276   0.0000  -0.4430 ]
[ -0.6276   0.7785   0.0000  -1.2553 ]
[  0.0000   0.0000   1.0000   0.0000 ]
[  0.0000   0.0000   0.0000   1.0000 ]
entering MatrixExp6
______________________________________
input matrix=
[  0.0000  -4.1438   0.0000   0.0000 ]
[  4.1438   0.0000  -0.0000  16.5751 ]
[ -0.0000   0.0000   0.0000   0.0000 ]
[  0.0000   0.0000   0.0000   0.0000 ]
theta=4.143779745563573
omeg size=3x1
omg.norm=1.0--- vel.norm=4.0
se3g_with_normOfOmega_1=
3x1
se3g_with_normOfOmega_1=
[ -0.5385   0.8427   0.0000  -6.1538 ]
[ -0.8427  -0.5385   0.0000  -3.3706 ]
[  0.0000   0.0000   1.0000   0.0000 ]
[  0.0000   0.0000   0.0000   1.0000 ]
entering MatrixExp6
______________________________________
input matrix=
[  -0.0000    2.1945   -0.0000   -0.0000 ]
[  -2.1945   -0.0000    0.0000  -13.1668 ]
[   0.0000   -0.0000   -0.0000   -0.0000 ]
[  -0.0000   -0.0000   -0.0000   -0.0000 ]
theta=2.194466530609205
omeg size=3x1
omg.norm=1.0--- vel.norm=6.0
se3g_with_normOfOmega_1=
3x1
se3g_with_normOfOmega_1=
[ -0.5840   0.8117   0.0000  -9.5041 ]
[ -0.8117  -0.5840   0.0000  -4.8704 ]
[  0.0000   0.0000   1.0000   0.0000 ]
[  0.0000   0.0000   0.0000   1.0000 ]
{{exiting jacobian body}}
{{entering Fk-body}}
entering MatrixExp6
______________________________________
input matrix=
[  0.0000  -2.1945   0.0000   0.0000 ]
[  2.1945   0.0000  -0.0000  13.1668 ]
[ -0.0000   0.0000   0.0000   0.0000 ]
[  0.0000   0.0000   0.0000   0.0000 ]
theta=2.194466530609205
omeg size=3x1
omg.norm=1.0--- vel.norm=6.0
se3g_with_normOfOmega_1=
3x1
se3g_with_normOfOmega_1=
[ -0.5840  -0.8117   0.0000  -9.5041 ]
[  0.8117  -0.5840   0.0000   4.8704 ]
[  0.0000   0.0000   1.0000   0.0000 ]
[  0.0000   0.0000   0.0000   1.0000 ]
entering MatrixExp6
______________________________________
input matrix=
[  -0.0000    4.1438   -0.0000   -0.0000 ]
[  -4.1438   -0.0000    0.0000  -16.5751 ]
[   0.0000   -0.0000   -0.0000   -0.0000 ]
[  -0.0000   -0.0000   -0.0000   -0.0000 ]
theta=4.143779745563573
omeg size=3x1
omg.norm=1.0--- vel.norm=4.0
se3g_with_normOfOmega_1=
3x1
se3g_with_normOfOmega_1=
[ -0.5385  -0.8427   0.0000  -6.1538 ]
[  0.8427  -0.5385   0.0000   3.3706 ]
[  0.0000   0.0000   1.0000   0.0000 ]
[  0.0000   0.0000   0.0000   1.0000 ]
entering MatrixExp6
______________________________________
input matrix=
[  0.0000  -0.6785   0.0000   0.0000 ]
[  0.6785   0.0000  -0.0000   1.3570 ]
[ -0.0000   0.0000   0.0000   0.0000 ]
[  0.0000   0.0000   0.0000   0.0000 ]
theta=0.6785168881594728
omeg size=3x1
omg.norm=1.0--- vel.norm=2.0
se3g_with_normOfOmega_1=
3x1
se3g_with_normOfOmega_1=
[  0.7785  -0.6276   0.0000  -0.4430 ]
[  0.6276   0.7785   0.0000   1.2553 ]
[  0.0000   0.0000   1.0000   0.0000 ]
[  0.0000   0.0000   0.0000   1.0000 ]
{{exiting Fk-body}}
Tsb=
[  0.2955   0.9553   0.0000  -1.3161 ]
[ -0.9553   0.2955   0.0000  -2.1456 ]
[  0.0000   0.0000   1.0000   0.0000 ]
[  0.0000   0.0000   0.0000   1.0000 ]

______________________________________
Tsb-1*Tdes=
[ -0.9553  -0.2955   0.0000  -2.3895 ]
[  0.2955  -0.9553   0.0000   6.3038 ]
[  0.0000   0.0000   1.0000   0.0000 ]
[  0.0000   0.0000   0.0000   1.0000 ]

______________________________________
entering MatrixLog6
______________________________________
vel=
[ -2.3895 ]
[  6.3038 ]
[  0.0000 ]
we have a rotation in ML6
theta2.841592653589786
matrixlog6_res=
[  0.0000  -2.8416   0.0000   8.4433 ]
[  2.8416   0.0000  -0.0000   4.7485 ]
[ -0.0000   0.0000   0.0000   0.0000 ]
[  0.0000   0.0000   0.0000   0.0000 ]

bodyse3alg=
[  0.0000  -2.8416   0.0000   8.4433 ]
[  2.8416   0.0000  -0.0000   4.7485 ]
[ -0.0000   0.0000   0.0000   0.0000 ]
[  0.0000   0.0000   0.0000   0.0000 ]

______________________________________
iteration((2))
______________________________________
{{entering jacobian body}}
entering MatrixExp6
______________________________________
input matrix=
[ -0.0000   1.7318  -0.0000  -0.0000 ]
[ -1.7318  -0.0000   0.0000  -3.4636 ]
[  0.0000  -0.0000  -0.0000  -0.0000 ]
[ -0.0000  -0.0000  -0.0000  -0.0000 ]
theta=1.7318249988845016
omeg size=3x1
omg.norm=1.0--- vel.norm=2.0
se3g_with_normOfOmega_1=
3x1
se3g_with_normOfOmega_1=
[ -0.1603   0.9871   0.0000  -2.3207 ]
[ -0.9871  -0.1603   0.0000  -1.9741 ]
[  0.0000   0.0000   1.0000   0.0000 ]
[  0.0000   0.0000   0.0000   1.0000 ]
entering MatrixExp6
______________________________________
input matrix=
[  0.0000  -0.3251   0.0000   0.0000 ]
[  0.3251   0.0000  -0.0000   1.3003 ]
[ -0.0000   0.0000   0.0000   0.0000 ]
[  0.0000   0.0000   0.0000   0.0000 ]
theta=0.32507486392048834
omeg size=3x1
omg.norm=1.0--- vel.norm=4.0
se3g_with_normOfOmega_1=
3x1
se3g_with_normOfOmega_1=
[  0.9476  -0.3194   0.0000  -0.2095 ]
[  0.3194   0.9476   0.0000   1.2775 ]
[  0.0000   0.0000   1.0000   0.0000 ]
[  0.0000   0.0000   0.0000   1.0000 ]
entering MatrixExp6
______________________________________
input matrix=
[  0.0000  -4.2483   0.0000   0.0000 ]
[  4.2483   0.0000  -0.0000  25.4901 ]
[ -0.0000   0.0000   0.0000   0.0000 ]
[  0.0000   0.0000   0.0000   0.0000 ]
theta=4.248342788553799
omeg size=3x1
omg.norm=1.0--- vel.norm=6.0
se3g_with_normOfOmega_1=
3x1
se3g_with_normOfOmega_1=
[ -0.4476   0.8942   0.0000  -8.6854 ]
[ -0.8942  -0.4476   0.0000  -5.3655 ]
[  0.0000   0.0000   1.0000   0.0000 ]
[  0.0000   0.0000   0.0000   1.0000 ]
{{exiting jacobian body}}
{{entering Fk-body}}
entering MatrixExp6
______________________________________
input matrix=
[  -0.0000    4.2483   -0.0000   -0.0000 ]
[  -4.2483   -0.0000    0.0000  -25.4901 ]
[   0.0000   -0.0000   -0.0000   -0.0000 ]
[  -0.0000   -0.0000   -0.0000   -0.0000 ]
theta=4.248342788553799
omeg size=3x1
omg.norm=1.0--- vel.norm=6.0
se3g_with_normOfOmega_1=
3x1
se3g_with_normOfOmega_1=
[ -0.4476  -0.8942   0.0000  -8.6854 ]
[  0.8942  -0.4476   0.0000   5.3655 ]
[  0.0000   0.0000   1.0000   0.0000 ]
[  0.0000   0.0000   0.0000   1.0000 ]
entering MatrixExp6
______________________________________
input matrix=
[ -0.0000   0.3251  -0.0000  -0.0000 ]
[ -0.3251  -0.0000   0.0000  -1.3003 ]
[  0.0000  -0.0000  -0.0000  -0.0000 ]
[ -0.0000  -0.0000  -0.0000  -0.0000 ]
theta=0.32507486392048834
omeg size=3x1
omg.norm=1.0--- vel.norm=4.0
se3g_with_normOfOmega_1=
3x1
se3g_with_normOfOmega_1=
[  0.9476   0.3194   0.0000  -0.2095 ]
[ -0.3194   0.9476   0.0000  -1.2775 ]
[  0.0000   0.0000   1.0000   0.0000 ]
[  0.0000   0.0000   0.0000   1.0000 ]
entering MatrixExp6
______________________________________
input matrix=
[  0.0000  -1.7318   0.0000   0.0000 ]
[  1.7318   0.0000  -0.0000   3.4636 ]
[ -0.0000   0.0000   0.0000   0.0000 ]
[  0.0000   0.0000   0.0000   0.0000 ]
theta=1.7318249988845016
omeg size=3x1
omg.norm=1.0--- vel.norm=2.0
se3g_with_normOfOmega_1=
3x1
se3g_with_normOfOmega_1=
[ -0.1603  -0.9871   0.0000  -2.3207 ]
[  0.9871  -0.1603   0.0000   1.9741 ]
[  0.0000   0.0000   1.0000   0.0000 ]
[  0.0000   0.0000   0.0000   1.0000 ]
{{exiting Fk-body}}
Tsb=
[ -0.9553   0.2955   0.0000  -3.0829 ]
[ -0.2955  -0.9553   0.0000   3.1782 ]
[  0.0000   0.0000   1.0000   0.0000 ]
[  0.0000   0.0000   0.0000   1.0000 ]

______________________________________
Tsb-1*Tdes=
[ -0.2955   0.9553   0.0000  -6.4183 ]
[ -0.9553  -0.2955   0.0000   3.2187 ]
[  0.0000   0.0000   1.0000   0.0000 ]
[  0.0000   0.0000   0.0000   1.0000 ]

______________________________________
entering MatrixLog6
______________________________________
vel=
[ -6.4183 ]
[  3.2187 ]
[  0.0000 ]
we have a rotation in ML6
theta1.8707963267949042
matrixlog6_res=
[  0.0000   1.8708   0.0000  -7.4380 ]
[ -1.8708   0.0000  -0.0000  -3.7835 ]
[ -0.0000   0.0000   0.0000   0.0000 ]
[  0.0000   0.0000   0.0000   0.0000 ]

bodyse3alg=
[  0.0000   1.8708   0.0000  -7.4380 ]
[ -1.8708   0.0000  -0.0000  -3.7835 ]
[ -0.0000   0.0000   0.0000   0.0000 ]
[  0.0000   0.0000   0.0000   0.0000 ]

______________________________________
iteration((3))
______________________________________
{{entering jacobian body}}
entering MatrixExp6
______________________________________
input matrix=
[ -0.0000   0.0339  -0.0000  -0.0000 ]
[ -0.0339  -0.0000   0.0000  -0.0678 ]
[  0.0000  -0.0000  -0.0000  -0.0000 ]
[ -0.0000  -0.0000  -0.0000  -0.0000 ]
theta=0.033908076631028905
omeg size=3x1
omg.norm=1.0--- vel.norm=2.0
se3g_with_normOfOmega_1=
3x1
se3g_with_normOfOmega_1=
[  0.9994   0.0339   0.0000  -0.0011 ]
[ -0.0339   0.9994   0.0000  -0.0678 ]
[  0.0000   0.0000   1.0000   0.0000 ]
[  0.0000   0.0000   0.0000   1.0000 ]
entering MatrixExp6
______________________________________
input matrix=
[  0.0000  -0.0949   0.0000   0.0000 ]
[  0.0949   0.0000  -0.0000   0.3796 ]
[ -0.0000   0.0000   0.0000   0.0000 ]
[  0.0000   0.0000   0.0000   0.0000 ]
theta=0.0949099214867779
omeg size=3x1
omg.norm=1.0--- vel.norm=4.0
se3g_with_normOfOmega_1=
3x1
se3g_with_normOfOmega_1=
[  0.9955  -0.0948   0.0000  -0.0180 ]
[  0.0948   0.9955   0.0000   0.3791 ]
[  0.0000   0.0000   1.0000   0.0000 ]
[  0.0000   0.0000   0.0000   1.0000 ]
entering MatrixExp6
______________________________________
input matrix=
[  -0.0000    1.9318   -0.0000   -0.0000 ]
[  -1.9318   -0.0000    0.0000  -11.5908 ]
[   0.0000   -0.0000   -0.0000   -0.0000 ]
[  -0.0000   -0.0000   -0.0000   -0.0000 ]
theta=1.9317981716506507
omeg size=3x1
omg.norm=1.0--- vel.norm=6.0
se3g_with_normOfOmega_1=
3x1
se3g_with_normOfOmega_1=
[ -0.3532   0.9355   0.0000  -8.1193 ]
[ -0.9355  -0.3532   0.0000  -5.6133 ]
[  0.0000   0.0000   1.0000   0.0000 ]
[  0.0000   0.0000   0.0000   1.0000 ]
{{exiting jacobian body}}
{{entering Fk-body}}
entering MatrixExp6
______________________________________
input matrix=
[  0.0000  -1.9318   0.0000   0.0000 ]
[  1.9318   0.0000  -0.0000  11.5908 ]
[ -0.0000   0.0000   0.0000   0.0000 ]
[  0.0000   0.0000   0.0000   0.0000 ]
theta=1.9317981716506507
omeg size=3x1
omg.norm=1.0--- vel.norm=6.0
se3g_with_normOfOmega_1=
3x1
se3g_with_normOfOmega_1=
[ -0.3532  -0.9355   0.0000  -8.1193 ]
[  0.9355  -0.3532   0.0000   5.6133 ]
[  0.0000   0.0000   1.0000   0.0000 ]
[  0.0000   0.0000   0.0000   1.0000 ]
entering MatrixExp6
______________________________________
input matrix=
[ -0.0000   0.0949  -0.0000  -0.0000 ]
[ -0.0949  -0.0000   0.0000  -0.3796 ]
[  0.0000  -0.0000  -0.0000  -0.0000 ]
[ -0.0000  -0.0000  -0.0000  -0.0000 ]
theta=0.0949099214867779
omeg size=3x1
omg.norm=1.0--- vel.norm=4.0
se3g_with_normOfOmega_1=
3x1
se3g_with_normOfOmega_1=
[  0.9955   0.0948   0.0000  -0.0180 ]
[ -0.0948   0.9955   0.0000  -0.3791 ]
[  0.0000   0.0000   1.0000   0.0000 ]
[  0.0000   0.0000   0.0000   1.0000 ]
entering MatrixExp6
______________________________________
input matrix=
[  0.0000  -0.0339   0.0000   0.0000 ]
[  0.0339   0.0000  -0.0000   0.0678 ]
[ -0.0000   0.0000   0.0000   0.0000 ]
[  0.0000   0.0000   0.0000   0.0000 ]
theta=0.033908076631028905
omeg size=3x1
omg.norm=1.0--- vel.norm=2.0
se3g_with_normOfOmega_1=
3x1
se3g_with_normOfOmega_1=
[  0.9994  -0.0339   0.0000  -0.0011 ]
[  0.0339   0.9994   0.0000   0.0678 ]
[  0.0000   0.0000   1.0000   0.0000 ]
[  0.0000   0.0000   0.0000   1.0000 ]
{{exiting Fk-body}}
Tsb=
[ -0.2955  -0.9553   0.0000  -1.8234 ]
[  0.9553  -0.2955   0.0000   5.7114 ]
[  0.0000   0.0000   1.0000   0.0000 ]
[  0.0000   0.0000   0.0000   1.0000 ]

______________________________________
Tsb-1*Tdes=
[  0.9553   0.2955   0.0000  -5.2665 ]
[ -0.2955   0.9553   0.0000  -4.4665 ]
[  0.0000   0.0000   1.0000   0.0000 ]
[  0.0000   0.0000   0.0000   1.0000 ]

______________________________________
entering MatrixLog6
______________________________________
vel=
[ -5.2665 ]
[ -4.4665 ]
[  0.0000 ]
we have a rotation in ML6
theta0.30000000000000515
matrixlog6_res=
[  0.0000   0.3000   0.0000  -4.5570 ]
[ -0.3000   0.0000  -0.0000  -5.2229 ]
[ -0.0000   0.0000   0.0000   0.0000 ]
[  0.0000   0.0000   0.0000   0.0000 ]

bodyse3alg=
[  0.0000   0.3000   0.0000  -4.5570 ]
[ -0.3000   0.0000  -0.0000  -5.2229 ]
[ -0.0000   0.0000   0.0000   0.0000 ]
[  0.0000   0.0000   0.0000   0.0000 ]

______________________________________
iteration((4))
______________________________________
{{entering jacobian body}}
entering MatrixExp6
______________________________________
input matrix=
[   0.0000  -25.1853    0.0000    0.0000 ]
[  25.1853    0.0000   -0.0000   50.3706 ]
[  -0.0000    0.0000    0.0000    0.0000 ]
[   0.0000    0.0000    0.0000    0.0000 ]
theta=25.185320490480304
omeg size=3x1
omg.norm=1.0--- vel.norm=2.0
se3g_with_normOfOmega_1=
3x1
se3g_with_normOfOmega_1=
[  0.9986  -0.0526   0.0000  -0.0028 ]
[  0.0526   0.9986   0.0000   0.1051 ]
[  0.0000   0.0000   1.0000   0.0000 ]
[  0.0000   0.0000   0.0000   1.0000 ]
entering MatrixExp6
______________________________________
input matrix=
[   -0.0000    48.6877    -0.0000    -0.0000 ]
[  -48.6877    -0.0000     0.0000  -194.7507 ]
[    0.0000    -0.0000    -0.0000    -0.0000 ]
[   -0.0000    -0.0000    -0.0000    -0.0000 ]
theta=48.687677235322504
omeg size=3x1
omg.norm=1.0--- vel.norm=4.0
se3g_with_normOfOmega_1=
3x1
se3g_with_normOfOmega_1=
[ -0.0070  -1.0000   0.0000  -4.0280 ]
[  1.0000  -0.0070   0.0000   3.9999 ]
[  0.0000   0.0000   1.0000   0.0000 ]
[  0.0000   0.0000   0.0000   1.0000 ]
entering MatrixExp6
______________________________________
input matrix=
[   0.0000  -23.2024    0.0000    0.0000 ]
[  23.2024    0.0000   -0.0000  139.2141 ]
[  -0.0000    0.0000    0.0000    0.0000 ]
[   0.0000    0.0000    0.0000    0.0000 ]
theta=23.20235674484219
omeg size=3x1
omg.norm=1.0--- vel.norm=6.0
se3g_with_normOfOmega_1=
3x1
se3g_with_normOfOmega_1=
[ -0.3519   0.9360   0.0000  -8.1113 ]
[ -0.9360  -0.3519   0.0000  -5.6163 ]
[  0.0000   0.0000   1.0000   0.0000 ]
[  0.0000   0.0000   0.0000   1.0000 ]
{{exiting jacobian body}}
{{entering Fk-body}}
entering MatrixExp6
______________________________________
input matrix=
[   -0.0000    23.2024    -0.0000    -0.0000 ]
[  -23.2024    -0.0000     0.0000  -139.2141 ]
[    0.0000    -0.0000    -0.0000    -0.0000 ]
[   -0.0000    -0.0000    -0.0000    -0.0000 ]
theta=23.20235674484219
omeg size=3x1
omg.norm=1.0--- vel.norm=6.0
se3g_with_normOfOmega_1=
3x1
se3g_with_normOfOmega_1=
[ -0.3519  -0.9360   0.0000  -8.1113 ]
[  0.9360  -0.3519   0.0000   5.6163 ]
[  0.0000   0.0000   1.0000   0.0000 ]
[  0.0000   0.0000   0.0000   1.0000 ]
entering MatrixExp6
______________________________________
input matrix=
[   0.0000  -48.6877    0.0000    0.0000 ]
[  48.6877    0.0000   -0.0000  194.7507 ]
[  -0.0000    0.0000    0.0000    0.0000 ]
[   0.0000    0.0000    0.0000    0.0000 ]
theta=48.687677235322504
omeg size=3x1
omg.norm=1.0--- vel.norm=4.0
se3g_with_normOfOmega_1=
3x1
se3g_with_normOfOmega_1=
[ -0.0070   1.0000   0.0000  -4.0280 ]
[ -1.0000  -0.0070   0.0000  -3.9999 ]
[  0.0000   0.0000   1.0000   0.0000 ]
[  0.0000   0.0000   0.0000   1.0000 ]
entering MatrixExp6
______________________________________
input matrix=
[  -0.0000   25.1853   -0.0000   -0.0000 ]
[ -25.1853   -0.0000    0.0000  -50.3706 ]
[   0.0000   -0.0000   -0.0000   -0.0000 ]
[  -0.0000   -0.0000   -0.0000   -0.0000 ]
theta=25.185320490480304
omeg size=3x1
omg.norm=1.0--- vel.norm=2.0
se3g_with_normOfOmega_1=
3x1
se3g_with_normOfOmega_1=
[  0.9986   0.0526   0.0000  -0.0028 ]
[ -0.0526   0.9986   0.0000  -0.1051 ]
[  0.0000   0.0000   1.0000   0.0000 ]
[  0.0000   0.0000   0.0000   1.0000 ]
{{exiting Fk-body}}
Tsb=
[  0.9553  -0.2955   0.0000   3.0839 ]
[  0.2955   0.9553   0.0000   3.1538 ]
[  0.0000   0.0000   1.0000   0.0000 ]
[  0.0000   0.0000   0.0000   1.0000 ]

______________________________________
Tsb-1*Tdes=
[  0.2955  -0.9553   0.0000   0.5343 ]
[  0.9553   0.2955   0.0000  -1.3730 ]
[  0.0000   0.0000   1.0000   0.0000 ]
[  0.0000   0.0000   0.0000   1.0000 ]

______________________________________
entering MatrixLog6
______________________________________
vel=
[  0.5343 ]
[ -1.3730 ]
[  0.0000 ]
we have a rotation in ML6
theta1.2707963267948885
matrixlog6_res=
[  0.0000  -1.2708   0.0000  -0.4120 ]
[  1.2708   0.0000  -0.0000  -1.5225 ]
[ -0.0000   0.0000   0.0000   0.0000 ]
[  0.0000   0.0000   0.0000   0.0000 ]

bodyse3alg=
[  0.0000  -1.2708   0.0000  -0.4120 ]
[  1.2708   0.0000  -0.0000  -1.5225 ]
[ -0.0000   0.0000   0.0000   0.0000 ]
[  0.0000   0.0000   0.0000   0.0000 ]

______________________________________
iteration((5))
______________________________________
{{entering jacobian body}}
entering MatrixExp6
______________________________________
input matrix=
[  0.0000  -3.2870   0.0000   0.0000 ]
[  3.2870   0.0000  -0.0000   6.5740 ]
[ -0.0000   0.0000   0.0000   0.0000 ]
[  0.0000   0.0000   0.0000   0.0000 ]
theta=3.2870122660682255
omeg size=3x1
omg.norm=1.0--- vel.norm=2.0
se3g_with_normOfOmega_1=
3x1
se3g_with_normOfOmega_1=
[ -0.9894   0.1449   0.0000  -3.9789 ]
[ -0.1449  -0.9894   0.0000  -0.2898 ]
[  0.0000   0.0000   1.0000   0.0000 ]
[  0.0000   0.0000   0.0000   1.0000 ]
entering MatrixExp6
______________________________________
input matrix=
[ -0.0000   2.3288  -0.0000  -0.0000 ]
[ -2.3288  -0.0000   0.0000  -9.3150 ]
[  0.0000  -0.0000  -0.0000  -0.0000 ]
[ -0.0000  -0.0000  -0.0000  -0.0000 ]
theta=2.3287512741029945
omeg size=3x1
omg.norm=1.0--- vel.norm=4.0
se3g_with_normOfOmega_1=
3x1
se3g_with_normOfOmega_1=
[ -0.6874   0.7262   0.0000  -6.7498 ]
[ -0.7262  -0.6874   0.0000  -2.9050 ]
[  0.0000   0.0000   1.0000   0.0000 ]
[  0.0000   0.0000   0.0000   1.0000 ]
entering MatrixExp6
______________________________________
input matrix=
[  0.0000  -0.3125   0.0000   0.0000 ]
[  0.3125   0.0000  -0.0000   1.8752 ]
[ -0.0000   0.0000   0.0000   0.0000 ]
[  0.0000   0.0000   0.0000   0.0000 ]
theta=0.31253533482965745
omeg size=3x1
omg.norm=1.0--- vel.norm=6.0
se3g_with_normOfOmega_1=
3x1
se3g_with_normOfOmega_1=
[  0.9516  -0.3075   0.0000  -0.2907 ]
[  0.3075   0.9516   0.0000   1.8448 ]
[  0.0000   0.0000   1.0000   0.0000 ]
[  0.0000   0.0000   0.0000   1.0000 ]
{{exiting jacobian body}}
{{entering Fk-body}}
entering MatrixExp6
______________________________________
input matrix=
[ -0.0000   0.3125  -0.0000  -0.0000 ]
[ -0.3125  -0.0000   0.0000  -1.8752 ]
[  0.0000  -0.0000  -0.0000  -0.0000 ]
[ -0.0000  -0.0000  -0.0000  -0.0000 ]
theta=0.31253533482965745
omeg size=3x1
omg.norm=1.0--- vel.norm=6.0
se3g_with_normOfOmega_1=
3x1
se3g_with_normOfOmega_1=
[  0.9516   0.3075   0.0000  -0.2907 ]
[ -0.3075   0.9516   0.0000  -1.8448 ]
[  0.0000   0.0000   1.0000   0.0000 ]
[  0.0000   0.0000   0.0000   1.0000 ]
entering MatrixExp6
______________________________________
input matrix=
[  0.0000  -2.3288   0.0000   0.0000 ]
[  2.3288   0.0000  -0.0000   9.3150 ]
[ -0.0000   0.0000   0.0000   0.0000 ]
[  0.0000   0.0000   0.0000   0.0000 ]
theta=2.3287512741029945
omeg size=3x1
omg.norm=1.0--- vel.norm=4.0
se3g_with_normOfOmega_1=
3x1
se3g_with_normOfOmega_1=
[ -0.6874  -0.7262   0.0000  -6.7498 ]
[  0.7262  -0.6874   0.0000   2.9050 ]
[  0.0000   0.0000   1.0000   0.0000 ]
[  0.0000   0.0000   0.0000   1.0000 ]
entering MatrixExp6
______________________________________
input matrix=
[ -0.0000   3.2870  -0.0000  -0.0000 ]
[ -3.2870  -0.0000   0.0000  -6.5740 ]
[  0.0000  -0.0000  -0.0000  -0.0000 ]
[ -0.0000  -0.0000  -0.0000  -0.0000 ]
theta=3.2870122660682255
omeg size=3x1
omg.norm=1.0--- vel.norm=2.0
se3g_with_normOfOmega_1=
3x1
se3g_with_normOfOmega_1=
[ -0.9894  -0.1449   0.0000  -3.9789 ]
[  0.1449  -0.9894   0.0000   0.2898 ]
[  0.0000   0.0000   1.0000   0.0000 ]
[  0.0000   0.0000   0.0000   1.0000 ]
{{exiting Fk-body}}
Tsb=
[  0.2955   0.9553   0.0000   1.6325 ]
[ -0.9553   0.2955   0.0000  -0.7208 ]
[  0.0000   0.0000   1.0000   0.0000 ]
[  0.0000   0.0000   0.0000   1.0000 ]

______________________________________
Tsb-1*Tdes=
[ -0.9553  -0.2955   0.0000  -1.8996 ]
[  0.2955  -0.9553   0.0000   3.0658 ]
[  0.0000   0.0000   1.0000   0.0000 ]
[  0.0000   0.0000   0.0000   1.0000 ]

______________________________________
entering MatrixLog6
______________________________________
vel=
[ -1.8996 ]
[  3.0658 ]
[  0.0000 ]
we have a rotation in ML6
theta2.841592653589784
matrixlog6_res=
[  0.0000  -2.8416   0.0000   3.9480 ]
[  2.8416   0.0000  -0.0000   3.3573 ]
[ -0.0000   0.0000   0.0000   0.0000 ]
[  0.0000   0.0000   0.0000   0.0000 ]

bodyse3alg=
[  0.0000  -2.8416   0.0000   3.9480 ]
[  2.8416   0.0000  -0.0000   3.3573 ]
[ -0.0000   0.0000   0.0000   0.0000 ]
[  0.0000   0.0000   0.0000   0.0000 ]

______________________________________
iteration((6))
______________________________________
{{entering jacobian body}}
entering MatrixExp6
______________________________________
input matrix=
[  0.0000  -3.0941   0.0000   0.0000 ]
[  3.0941   0.0000  -0.0000   6.1883 ]
[ -0.0000   0.0000   0.0000   0.0000 ]
[  0.0000   0.0000   0.0000   0.0000 ]
theta=3.094138303280632
omeg size=3x1
omg.norm=1.0--- vel.norm=2.0
se3g_with_normOfOmega_1=
3x1
se3g_with_normOfOmega_1=
[ -0.9989  -0.0474   0.0000  -3.9977 ]
[  0.0474  -0.9989   0.0000   0.0949 ]
[  0.0000   0.0000   1.0000   0.0000 ]
[  0.0000   0.0000   0.0000   1.0000 ]
entering MatrixExp6
______________________________________
input matrix=
[  0.0000  -2.2048   0.0000   0.0000 ]
[  2.2048   0.0000  -0.0000   8.8193 ]
[ -0.0000   0.0000   0.0000   0.0000 ]
[  0.0000   0.0000   0.0000   0.0000 ]
theta=2.204813484130114
omeg size=3x1
omg.norm=1.0--- vel.norm=4.0
se3g_with_normOfOmega_1=
3x1
se3g_with_normOfOmega_1=
[ -0.5924  -0.8057   0.0000  -6.3695 ]
[  0.8057  -0.5924   0.0000   3.2226 ]
[  0.0000   0.0000   1.0000   0.0000 ]
[  0.0000   0.0000   0.0000   1.0000 ]
entering MatrixExp6
______________________________________
input matrix=
[  -0.0000    2.4574   -0.0000   -0.0000 ]
[  -2.4574   -0.0000    0.0000  -14.7442 ]
[   0.0000   -0.0000   -0.0000   -0.0000 ]
[  -0.0000   -0.0000   -0.0000   -0.0000 ]
theta=2.457359133820961
omeg size=3x1
omg.norm=1.0--- vel.norm=6.0
se3g_with_normOfOmega_1=
3x1
se3g_with_normOfOmega_1=
[  -0.7749    0.6321    0.0000  -10.6494 ]
[  -0.6321   -0.7749    0.0000   -3.7925 ]
[   0.0000    0.0000    1.0000    0.0000 ]
[   0.0000    0.0000    0.0000    1.0000 ]
{{exiting jacobian body}}
{{entering Fk-body}}
entering MatrixExp6
______________________________________
input matrix=
[  0.0000  -2.4574   0.0000   0.0000 ]
[  2.4574   0.0000  -0.0000  14.7442 ]
[ -0.0000   0.0000   0.0000   0.0000 ]
[  0.0000   0.0000   0.0000   0.0000 ]
theta=2.457359133820961
omeg size=3x1
omg.norm=1.0--- vel.norm=6.0
se3g_with_normOfOmega_1=
3x1
se3g_with_normOfOmega_1=
[  -0.7749   -0.6321    0.0000  -10.6494 ]
[   0.6321   -0.7749    0.0000    3.7925 ]
[   0.0000    0.0000    1.0000    0.0000 ]
[   0.0000    0.0000    0.0000    1.0000 ]
entering MatrixExp6
______________________________________
input matrix=
[ -0.0000   2.2048  -0.0000  -0.0000 ]
[ -2.2048  -0.0000   0.0000  -8.8193 ]
[  0.0000  -0.0000  -0.0000  -0.0000 ]
[ -0.0000  -0.0000  -0.0000  -0.0000 ]
theta=2.204813484130114
omeg size=3x1
omg.norm=1.0--- vel.norm=4.0
se3g_with_normOfOmega_1=
3x1
se3g_with_normOfOmega_1=
[ -0.5924   0.8057   0.0000  -6.3695 ]
[ -0.8057  -0.5924   0.0000  -3.2226 ]
[  0.0000   0.0000   1.0000   0.0000 ]
[  0.0000   0.0000   0.0000   1.0000 ]
entering MatrixExp6
______________________________________
input matrix=
[ -0.0000   3.0941  -0.0000  -0.0000 ]
[ -3.0941  -0.0000   0.0000  -6.1883 ]
[  0.0000  -0.0000  -0.0000  -0.0000 ]
[ -0.0000  -0.0000  -0.0000  -0.0000 ]
theta=3.094138303280632
omeg size=3x1
omg.norm=1.0--- vel.norm=2.0
se3g_with_normOfOmega_1=
3x1
se3g_with_normOfOmega_1=
[ -0.9989   0.0474   0.0000  -3.9977 ]
[ -0.0474  -0.9989   0.0000  -0.0949 ]
[  0.0000   0.0000   1.0000   0.0000 ]
[  0.0000   0.0000   0.0000   1.0000 ]
{{exiting Fk-body}}
Tsb=
[ -0.9553   0.2955   0.0000  -1.5239 ]
[ -0.2955  -0.9553   0.0000   1.1729 ]
[  0.0000   0.0000   1.0000   0.0000 ]
[  0.0000   0.0000   0.0000   1.0000 ]

______________________________________
Tsb-1*Tdes=
[ -0.2955   0.9553   0.0000  -5.5216 ]
[ -0.9553  -0.2955   0.0000   0.8422 ]
[  0.0000   0.0000   1.0000   0.0000 ]
[  0.0000   0.0000   0.0000   1.0000 ]

______________________________________
entering MatrixLog6
______________________________________
vel=
[ -5.5216 ]
[  0.8422 ]
[  0.0000 ]
we have a rotation in ML6
theta1.8707963267949048
matrixlog6_res=
[  0.0000   1.8708   0.0000  -4.5965 ]
[ -1.8708   0.0000  -0.0000  -4.5840 ]
[ -0.0000   0.0000   0.0000   0.0000 ]
[  0.0000   0.0000   0.0000   0.0000 ]

bodyse3alg=
[  0.0000   1.8708   0.0000  -4.5965 ]
[ -1.8708   0.0000  -0.0000  -4.5840 ]
[ -0.0000   0.0000   0.0000   0.0000 ]
[  0.0000   0.0000   0.0000   0.0000 ]

______________________________________
iteration((7))
______________________________________
{{entering jacobian body}}
entering MatrixExp6
______________________________________
input matrix=
[ -0.0000   0.7273  -0.0000  -0.0000 ]
[ -0.7273  -0.0000   0.0000  -1.4545 ]
[  0.0000  -0.0000  -0.0000  -0.0000 ]
[ -0.0000  -0.0000  -0.0000  -0.0000 ]
theta=0.7272533708680842
omeg size=3x1
omg.norm=1.0--- vel.norm=2.0
se3g_with_normOfOmega_1=
3x1
se3g_with_normOfOmega_1=
[  0.7470   0.6648   0.0000  -0.5060 ]
[ -0.6648   0.7470   0.0000  -1.3296 ]
[  0.0000   0.0000   1.0000   0.0000 ]
[  0.0000   0.0000   0.0000   1.0000 ]
entering MatrixExp6
______________________________________
input matrix=
[  0.0000  -1.6811   0.0000   0.0000 ]
[  1.6811   0.0000  -0.0000   6.7244 ]
[ -0.0000   0.0000   0.0000   0.0000 ]
[  0.0000   0.0000   0.0000   0.0000 ]
theta=1.6811099819487683
omeg size=3x1
omg.norm=1.0--- vel.norm=4.0
se3g_with_normOfOmega_1=
3x1
se3g_with_normOfOmega_1=
[ -0.1101  -0.9939   0.0000  -4.4404 ]
[  0.9939  -0.1101   0.0000   3.9757 ]
[  0.0000   0.0000   1.0000   0.0000 ]
[  0.0000   0.0000   0.0000   1.0000 ]
entering MatrixExp6
______________________________________
input matrix=
[  -0.0000    2.8247   -0.0000   -0.0000 ]
[  -2.8247   -0.0000    0.0000  -16.9479 ]
[   0.0000   -0.0000   -0.0000   -0.0000 ]
[  -0.0000   -0.0000   -0.0000   -0.0000 ]
theta=2.824652937875591
omeg size=3x1
omg.norm=1.0--- vel.norm=6.0
se3g_with_normOfOmega_1=
3x1
se3g_with_normOfOmega_1=
[  -0.9502    0.3117    0.0000  -11.7012 ]
[  -0.3117   -0.9502    0.0000   -1.8700 ]
[   0.0000    0.0000    1.0000    0.0000 ]
[   0.0000    0.0000    0.0000    1.0000 ]
{{exiting jacobian body}}
{{entering Fk-body}}
entering MatrixExp6
______________________________________
input matrix=
[  0.0000  -2.8247   0.0000   0.0000 ]
[  2.8247   0.0000  -0.0000  16.9479 ]
[ -0.0000   0.0000   0.0000   0.0000 ]
[  0.0000   0.0000   0.0000   0.0000 ]
theta=2.824652937875591
omeg size=3x1
omg.norm=1.0--- vel.norm=6.0
se3g_with_normOfOmega_1=
3x1
se3g_with_normOfOmega_1=
[  -0.9502   -0.3117    0.0000  -11.7012 ]
[   0.3117   -0.9502    0.0000    1.8700 ]
[   0.0000    0.0000    1.0000    0.0000 ]
[   0.0000    0.0000    0.0000    1.0000 ]
entering MatrixExp6
______________________________________
input matrix=
[ -0.0000   1.6811  -0.0000  -0.0000 ]
[ -1.6811  -0.0000   0.0000  -6.7244 ]
[  0.0000  -0.0000  -0.0000  -0.0000 ]
[ -0.0000  -0.0000  -0.0000  -0.0000 ]
theta=1.6811099819487683
omeg size=3x1
omg.norm=1.0--- vel.norm=4.0
se3g_with_normOfOmega_1=
3x1
se3g_with_normOfOmega_1=
[ -0.1101   0.9939   0.0000  -4.4404 ]
[ -0.9939  -0.1101   0.0000  -3.9757 ]
[  0.0000   0.0000   1.0000   0.0000 ]
[  0.0000   0.0000   0.0000   1.0000 ]
entering MatrixExp6
______________________________________
input matrix=
[  0.0000  -0.7273   0.0000   0.0000 ]
[  0.7273   0.0000  -0.0000   1.4545 ]
[ -0.0000   0.0000   0.0000   0.0000 ]
[  0.0000   0.0000   0.0000   0.0000 ]
theta=0.7272533708680842
omeg size=3x1
omg.norm=1.0--- vel.norm=2.0
se3g_with_normOfOmega_1=
3x1
se3g_with_normOfOmega_1=
[  0.7470  -0.6648   0.0000  -0.5060 ]
[  0.6648   0.7470   0.0000   1.3296 ]
[  0.0000   0.0000   1.0000   0.0000 ]
[  0.0000   0.0000   0.0000   1.0000 ]
{{exiting Fk-body}}
Tsb=
[ -0.2955  -0.9553   0.0000  -1.6627 ]
[  0.9553  -0.2955   0.0000   4.3542 ]
[  0.0000   0.0000   1.0000   0.0000 ]
[  0.0000   0.0000   0.0000   1.0000 ]

______________________________________
Tsb-1*Tdes=
[  0.9553   0.2955   0.0000  -3.9225 ]
[ -0.2955   0.9553   0.0000  -4.7141 ]
[  0.0000   0.0000   1.0000   0.0000 ]
[  0.0000   0.0000   0.0000   1.0000 ]

______________________________________
entering MatrixLog6
______________________________________
vel=
[ -3.9225 ]
[ -4.7141 ]
[  0.0000 ]
we have a rotation in ML6
theta0.30000000000001026
matrixlog6_res=
[  0.0000   0.3000   0.0000  -3.1859 ]
[ -0.3000   0.0000  -0.0000  -5.2670 ]
[ -0.0000   0.0000   0.0000   0.0000 ]
[  0.0000   0.0000   0.0000   0.0000 ]

bodyse3alg=
[  0.0000   0.3000   0.0000  -3.1859 ]
[ -0.3000   0.0000  -0.0000  -5.2670 ]
[ -0.0000   0.0000   0.0000   0.0000 ]
[  0.0000   0.0000   0.0000   0.0000 ]

______________________________________
iteration((8))
______________________________________
{{entering jacobian body}}
entering MatrixExp6
______________________________________
input matrix=
[  0.0000  -2.5422   0.0000   0.0000 ]
[  2.5422   0.0000  -0.0000   5.0844 ]
[ -0.0000   0.0000   0.0000   0.0000 ]
[  0.0000   0.0000   0.0000   0.0000 ]
theta=2.5422047313547482
omeg size=3x1
omg.norm=1.0--- vel.norm=2.0
se3g_with_normOfOmega_1=
3x1
se3g_with_normOfOmega_1=
[ -0.8257  -0.5641   0.0000  -3.6514 ]
[  0.5641  -0.8257   0.0000   1.1283 ]
[  0.0000   0.0000   1.0000   0.0000 ]
[  0.0000   0.0000   0.0000   1.0000 ]
entering MatrixExp6
______________________________________
input matrix=
[ -0.0000   2.4786  -0.0000  -0.0000 ]
[ -2.4786  -0.0000   0.0000  -9.9143 ]
[  0.0000  -0.0000  -0.0000  -0.0000 ]
[ -0.0000  -0.0000  -0.0000  -0.0000 ]
theta=2.4785792791069214
omeg size=3x1
omg.norm=1.0--- vel.norm=4.0
se3g_with_normOfOmega_1=
3x1
se3g_with_normOfOmega_1=
[ -0.7881   0.6155   0.0000  -7.1526 ]
[ -0.6155  -0.7881   0.0000  -2.4620 ]
[  0.0000   0.0000   1.0000   0.0000 ]
[  0.0000   0.0000   0.0000   1.0000 ]
entering MatrixExp6
______________________________________
input matrix=
[ -0.0000   0.3636  -0.0000  -0.0000 ]
[ -0.3636  -0.0000   0.0000  -2.1818 ]
[  0.0000  -0.0000  -0.0000  -0.0000 ]
[ -0.0000  -0.0000  -0.0000  -0.0000 ]
theta=0.3636254522478357
omeg size=3x1
omg.norm=1.0--- vel.norm=6.0
se3g_with_normOfOmega_1=
3x1
se3g_with_normOfOmega_1=
[  0.9346   0.3557   0.0000  -0.3923 ]
[ -0.3557   0.9346   0.0000  -2.1340 ]
[  0.0000   0.0000   1.0000   0.0000 ]
[  0.0000   0.0000   0.0000   1.0000 ]
{{exiting jacobian body}}
{{entering Fk-body}}
entering MatrixExp6
______________________________________
input matrix=
[  0.0000  -0.3636   0.0000   0.0000 ]
[  0.3636   0.0000  -0.0000   2.1818 ]
[ -0.0000   0.0000   0.0000   0.0000 ]
[  0.0000   0.0000   0.0000   0.0000 ]
theta=0.3636254522478357
omeg size=3x1
omg.norm=1.0--- vel.norm=6.0
se3g_with_normOfOmega_1=
3x1
se3g_with_normOfOmega_1=
[  0.9346  -0.3557   0.0000  -0.3923 ]
[  0.3557   0.9346   0.0000   2.1340 ]
[  0.0000   0.0000   1.0000   0.0000 ]
[  0.0000   0.0000   0.0000   1.0000 ]
entering MatrixExp6
______________________________________
input matrix=
[  0.0000  -2.4786   0.0000   0.0000 ]
[  2.4786   0.0000  -0.0000   9.9143 ]
[ -0.0000   0.0000   0.0000   0.0000 ]
[  0.0000   0.0000   0.0000   0.0000 ]
theta=2.4785792791069214
omeg size=3x1
omg.norm=1.0--- vel.norm=4.0
se3g_with_normOfOmega_1=
3x1
se3g_with_normOfOmega_1=
[ -0.7881  -0.6155   0.0000  -7.1526 ]
[  0.6155  -0.7881   0.0000   2.4620 ]
[  0.0000   0.0000   1.0000   0.0000 ]
[  0.0000   0.0000   0.0000   1.0000 ]
entering MatrixExp6
______________________________________
input matrix=
[ -0.0000   2.5422  -0.0000  -0.0000 ]
[ -2.5422  -0.0000   0.0000  -5.0844 ]
[  0.0000  -0.0000  -0.0000  -0.0000 ]
[ -0.0000  -0.0000  -0.0000  -0.0000 ]
theta=2.5422047313547482
omeg size=3x1
omg.norm=1.0--- vel.norm=2.0
se3g_with_normOfOmega_1=
3x1
se3g_with_normOfOmega_1=
[ -0.8257   0.5641   0.0000  -3.6514 ]
[ -0.5641  -0.8257   0.0000  -1.1283 ]
[  0.0000   0.0000   1.0000   0.0000 ]
[  0.0000   0.0000   0.0000   1.0000 ]
{{exiting Fk-body}}
Tsb=
[  0.9553  -0.2955   0.0000   1.8689 ]
[  0.2955   0.9553   0.0000   1.8922 ]
[  0.0000   0.0000   1.0000   0.0000 ]
[  0.0000   0.0000   0.0000   1.0000 ]

______________________________________
Tsb-1*Tdes=
[  0.2955  -0.9553   0.0000   2.0678 ]
[  0.9553   0.2955   0.0000  -0.5268 ]
[  0.0000   0.0000   1.0000   0.0000 ]
[  0.0000   0.0000   0.0000   1.0000 ]

______________________________________
entering MatrixLog6
______________________________________
vel=
[  2.0678 ]
[ -0.5268 ]
[  0.0000 ]
we have a rotation in ML6
theta1.2707963267948874
matrixlog6_res=
[  0.0000  -1.2708   0.0000   1.4470 ]
[  1.2708   0.0000  -0.0000  -1.7678 ]
[ -0.0000   0.0000   0.0000   0.0000 ]
[  0.0000   0.0000   0.0000   0.0000 ]

bodyse3alg=
[  0.0000  -1.2708   0.0000   1.4470 ]
[  1.2708   0.0000  -0.0000  -1.7678 ]
[ -0.0000   0.0000   0.0000   0.0000 ]
[  0.0000   0.0000   0.0000   0.0000 ]

______________________________________
iteration((9))
______________________________________
{{entering jacobian body}}
entering MatrixExp6
______________________________________
input matrix=
[  0.0000  -2.2213   0.0000   0.0000 ]
[  2.2213   0.0000  -0.0000   4.4426 ]
[ -0.0000   0.0000   0.0000   0.0000 ]
[  0.0000   0.0000   0.0000   0.0000 ]
theta=2.2212821338934168
omeg size=3x1
omg.norm=1.0--- vel.norm=2.0
se3g_with_normOfOmega_1=
3x1
se3g_with_normOfOmega_1=
[ -0.6056  -0.7958   0.0000  -3.2111 ]
[  0.7958  -0.6056   0.0000   1.5916 ]
[  0.0000   0.0000   1.0000   0.0000 ]
[  0.0000   0.0000   0.0000   1.0000 ]
entering MatrixExp6
______________________________________
input matrix=
[  0.0000  -1.9950   0.0000   0.0000 ]
[  1.9950   0.0000  -0.0000   7.9799 ]
[ -0.0000   0.0000   0.0000   0.0000 ]
[  0.0000   0.0000   0.0000   0.0000 ]
theta=1.994985749249627
omeg size=3x1
omg.norm=1.0--- vel.norm=4.0
se3g_with_normOfOmega_1=
3x1
se3g_with_normOfOmega_1=
[ -0.4116  -0.9114   0.0000  -5.6463 ]
[  0.9114  -0.4116   0.0000   3.6455 ]
[  0.0000   0.0000   1.0000   0.0000 ]
[  0.0000   0.0000   0.0000   1.0000 ]
entering MatrixExp6
______________________________________
input matrix=
[  -0.0000    2.9455   -0.0000   -0.0000 ]
[  -2.9455   -0.0000    0.0000  -17.6728 ]
[   0.0000   -0.0000   -0.0000   -0.0000 ]
[  -0.0000   -0.0000   -0.0000   -0.0000 ]
theta=2.9454715563481573
omeg size=3x1
omg.norm=1.0--- vel.norm=6.000000000000001
se3g_with_normOfOmega_1=
3x1
se3g_with_normOfOmega_1=
[  -0.9808    0.1949    0.0000  -11.8850 ]
[  -0.1949   -0.9808    0.0000   -1.1692 ]
[   0.0000    0.0000    1.0000    0.0000 ]
[   0.0000    0.0000    0.0000    1.0000 ]
{{exiting jacobian body}}
{{entering Fk-body}}
entering MatrixExp6
______________________________________
input matrix=
[  0.0000  -2.9455   0.0000   0.0000 ]
[  2.9455   0.0000  -0.0000  17.6728 ]
[ -0.0000   0.0000   0.0000   0.0000 ]
[  0.0000   0.0000   0.0000   0.0000 ]
theta=2.9454715563481573
omeg size=3x1
omg.norm=1.0--- vel.norm=6.000000000000001
se3g_with_normOfOmega_1=
3x1
se3g_with_normOfOmega_1=
[  -0.9808   -0.1949    0.0000  -11.8850 ]
[   0.1949   -0.9808    0.0000    1.1692 ]
[   0.0000    0.0000    1.0000    0.0000 ]
[   0.0000    0.0000    0.0000    1.0000 ]
entering MatrixExp6
______________________________________
input matrix=
[ -0.0000   1.9950  -0.0000  -0.0000 ]
[ -1.9950  -0.0000   0.0000  -7.9799 ]
[  0.0000  -0.0000  -0.0000  -0.0000 ]
[ -0.0000  -0.0000  -0.0000  -0.0000 ]
theta=1.994985749249627
omeg size=3x1
omg.norm=1.0--- vel.norm=4.0
se3g_with_normOfOmega_1=
3x1
se3g_with_normOfOmega_1=
[ -0.4116   0.9114   0.0000  -5.6463 ]
[ -0.9114  -0.4116   0.0000  -3.6455 ]
[  0.0000   0.0000   1.0000   0.0000 ]
[  0.0000   0.0000   0.0000   1.0000 ]
entering MatrixExp6
______________________________________
input matrix=
[ -0.0000   2.2213  -0.0000  -0.0000 ]
[ -2.2213  -0.0000   0.0000  -4.4426 ]
[  0.0000  -0.0000  -0.0000  -0.0000 ]
[ -0.0000  -0.0000  -0.0000  -0.0000 ]
theta=2.2212821338934168
omeg size=3x1
omg.norm=1.0--- vel.norm=2.0
se3g_with_normOfOmega_1=
3x1
se3g_with_normOfOmega_1=
[ -0.6056   0.7958   0.0000  -3.2111 ]
[ -0.7958  -0.6056   0.0000  -1.5916 ]
[  0.0000   0.0000   1.0000   0.0000 ]
[  0.0000   0.0000   0.0000   1.0000 ]
{{exiting Fk-body}}
Tsb=
[  0.2955   0.9553   0.0000  -0.2080 ]
[ -0.9553   0.2955   0.0000   0.1065 ]
[  0.0000   0.0000   1.0000   0.0000 ]
[  0.0000   0.0000   0.0000   1.0000 ]

______________________________________
Tsb-1*Tdes=
[ -0.9553  -0.2955   0.0000  -0.5654 ]
[  0.2955  -0.9553   0.0000   4.5797 ]
[  0.0000   0.0000   1.0000   0.0000 ]
[  0.0000   0.0000   0.0000   1.0000 ]

______________________________________
entering MatrixLog6
______________________________________
vel=
[ -0.5654 ]
[  4.5797 ]
[  0.0000 ]
we have a rotation in ML6
theta2.841592653589787
matrixlog6_res=
[  0.0000  -2.8416   0.0000   6.3854 ]
[  2.8416   0.0000  -0.0000   1.7867 ]
[ -0.0000   0.0000   0.0000   0.0000 ]
[  0.0000   0.0000   0.0000   0.0000 ]

bodyse3alg=
[  0.0000  -2.8416   0.0000   6.3854 ]
[  2.8416   0.0000  -0.0000   1.7867 ]
[ -0.0000   0.0000   0.0000   0.0000 ]
[  0.0000   0.0000   0.0000   0.0000 ]

______________________________________
[ 0.1000 ]
[ 0.1000 ]
[ 0.1000 ]
;)

==exiting IKbody==
______________________________________
fk_with_thetas0fIk=
[ -0.9553   0.2955   0.0000  -1.5095 ]
[ -0.2955  -0.9553   0.0000   0.2465 ]
[  0.0000   0.0000   1.0000   0.0000 ]
[  0.0000   0.0000   0.0000   1.0000 ]

Final error: 6.9753507285272


